2.51578329891 -0.734912336143 2.48646818097 0.240069298036 0.065158293585 2.438368721454 1 2
0.842089942232 -0.596779140754 1.33434689738 0.240069298036 0.065158293585 2.438368721454 1 2
0.842089942232 -0.596779140754 1.33434689738 0.240069298036 0.065158293585 2.438368721454 1 2
0.842089942232 -0.596779140754 1.33434689738 0.240069298036 0.065158293585 2.438368721454 1 2
0.842089942232 -0.596779140754 1.33434689738 0.240069298036 0.065158293585 2.438368721454 1 2
0.842089942232 -0.596779140754 1.33434689738 0.240069298036 0.065158293585 2.438368721454 1 2
0.842089942232 -0.596779140754 1.33434689738 0.240069298036 0.065158293585 2.438368721454 1 2
0.842089942232 -0.596779140754 1.33434689738 0.240069298036 0.065158293585 2.438368721454 1 2
0.842089942232 -0.596779140754 1.33434689738 0.240069298036 0.065158293585 2.438368721454 1 2
0.842089942232 -0.596779140754 1.33434689738 0.240069298036 0.065158293585 2.438368721454 1 2
0.842089942232 -0.596779140754 1.33434689738 0.240069298036 0.065158293585 2.438368721454 1 2
0.842089942232 -0.596779140754 1.33434689738 0.240069298036 0.065158293585 2.438368721454 1 2
0.842089942232 -0.596779140754 1.33434689738 0.240069298036 0.065158293585 2.438368721454 1 2
0.842089942232 -0.596779140754 1.33434689738 0.240069298036 0.065158293585 2.438368721454 1 2
0.842089942232 -0.596779140754 1.33434689738 0.240069298036 0.065158293585 2.438368721454 1 2
0.842089942232 -0.596779140754 1.33434689738 0.240069298036 0.065158293585 2.438368721454 1 2
0.842089942232 -0.596779140754 1.33434689738 0.240069298036 0.065158293585 2.438368721454 1 2
0.842089942232 -0.596779140754 1.33434689738 0.240069298036 0.065158293585 2.438368721454 1 2
0.842089942232 -0.596779140754 1.33434689738 0.240069298036 0.065158293585 2.438368721454 1 2
0.842089942232 -0.596779140754 1.33434689738 0.240069298036 0.065158293585 2.438368721454 1 2
0.842089942232 -0.596779140754 1.33434689738 0.240069298036 0.065158293585 2.438368721454 1 2
0.842089942232 -0.596779140754 1.33434689738 0.240069298036 0.065158293585 2.438368721454 1 2
0.842089942232 -0.596779140754 1.33434689738 0.240069298036 0.065158293585 2.438368721454 1 2
0.842089942232 -0.596779140754 1.33434689738 0.240069298036 0.065158293585 2.438368721454 1 2
0.842089942232 -0.596779140754 1.33434689738 0.240069298036 0.065158293585 2.438368721454 1 2
0.842089942232 -0.596779140754 1.33434689738 0.240069298036 0.065158293585 2.438368721454 1 2
0.842089942232 -0.596779140754 1.33434689738 0.240069298036 0.065158293585 2.438368721454 1 2
0.842089942232 -0.596779140754 1.33434689738 0.240069298036 0.065158293585 2.438368721454 1 2
0.842089942232 -0.596779140754 1.33434689738 0.240069298036 0.065158293585 2.438368721454 1 2
0.842089942232 -0.596779140754 1.33434689738 0.240069298036 0.065158293585 2.438368721454 1 2
0.842089942232 -0.596779140754 1.33434689738 0.240069298036 0.065158293585 2.438368721454 1 2
0.842089942232 -0.596779140754 1.33434689738 0.240069298036 0.065158293585 2.438368721454 1 2
0.842089942232 -0.596779140754 1.33434689738 0.240069298036 0.065158293585 2.438368721454 1 2
0.842089942232 -0.596779140754 1.33434689738 0.240069298036 0.065158293585 2.438368721454 1 2
0.842089942232 -0.596779140754 1.33434689738 0.240069298036 0.065158293585 2.438368721454 1 2
0.842089942232 -0.596779140754 1.33434689738 0.240069298036 0.065158293585 2.438368721454 1 2
0.842089942232 -0.596779140754 1.33434689738 0.240069298036 0.065158293585 2.438368721454 1 2
0.842089942232 -0.596779140754 1.33434689738 0.240069298036 0.065158293585 2.438368721454 1 2
0.842089942232 -0.596779140754 1.33434689738 0.240069298036 0.065158293585 2.438368721454 1 2
0.842089942232 -0.596779140754 1.33434689738 0.240069298036 0.065158293585 2.438368721454 1 2
0.842089942232 -0.596779140754 1.33434689738 0.240069298036 0.065158293585 2.438368721454 1 2
0.842089942232 -0.596779140754 1.33434689738 0.240069298036 0.065158293585 2.438368721454 1 2
0.842089942232 -0.596779140754 1.33434689738 0.240069298036 0.065158293585 2.438368721454 1 2
0.842089942232 -0.596779140754 1.33434689738 0.240069298036 0.065158293585 2.438368721454 1 2
0.842089942232 -0.596779140754 1.33434689738 0.240069298036 0.065158293585 2.438368721454 1 2
0.842089942232 -0.596779140754 1.33434689738 0.240069298036 0.065158293585 2.438368721454 1 2
0.842089942232 -0.596779140754 1.33434689738 0.240069298036 0.065158293585 2.438368721454 1 2
0.842089942232 -0.596779140754 1.33434689738 0.240069298036 0.065158293585 2.438368721454 1 2
0.842089942232 -0.596779140754 1.33434689738 0.240069298036 0.065158293585 2.438368721454 1 2
0.842089942232 -0.596779140754 1.33434689738 0.240069298036 0.065158293585 2.438368721454 1 2
0.842089942232 -0.596779140754 1.33434689738 0.240069298036 0.065158293585 2.438368721454 1 2
0.842089942232 -0.596779140754 1.33434689738 0.240069298036 0.065158293585 2.438368721454 1 2
0.842089942232 -0.596779140754 1.33434689738 0.240069298036 0.065158293585 2.438368721454 1 2
0.842089942232 -0.596779140754 1.33434689738 0.240069298036 0.065158293585 2.438368721454 1 2
0.842089942232 -0.596779140754 1.33434689738 0.240069298036 0.065158293585 2.438368721454 1 2
0.842089942232 -0.596779140754 1.33434689738 0.240069298036 0.065158293585 2.438368721454 1 2
0.842089942232 -0.596779140754 1.33434689738 0.240069298036 0.065158293585 2.438368721454 1 2
0.842089942232 -0.596779140754 1.33434689738 0.240069298036 0.065158293585 2.438368721454 1 2
0.842089942232 -0.596779140754 1.33434689738 0.240069298036 0.065158293585 2.438368721454 1 2
0.842089942232 -0.596779140754 1.33434689738 0.240069298036 0.065158293585 2.438368721454 1 2
0.842089942232 -0.596779140754 1.33434689738 0.240069298036 0.065158293585 2.438368721454 1 2
0.842089942232 -0.596779140754 1.33434689738 0.240069298036 0.065158293585 2.438368721454 1 2
0.842089942232 -0.596779140754 1.33434689738 0.240069298036 0.065158293585 2.438368721454 1 2
0.842089942232 -0.596779140754 1.33434689738 0.240069298036 0.065158293585 2.438368721454 1 2
0.842089942232 -0.596779140754 1.33434689738 0.240069298036 0.065158293585 2.438368721454 1 2
0.842089942232 -0.596779140754 1.33434689738 0.240069298036 0.065158293585 2.438368721454 1 2
0.842089942232 -0.596779140754 1.33434689738 0.240069298036 0.065158293585 2.438368721454 1 2
0.842089942232 -0.596779140754 1.33434689738 0.240069298036 0.065158293585 2.438368721454 1 2
0.842089942232 -0.596779140754 1.33434689738 0.240069298036 0.065158293585 2.438368721454 1 2
0.842089942232 -0.596779140754 1.33434689738 0.240069298036 0.065158293585 2.438368721454 1 2
0.842089942232 -0.596779140754 1.33434689738 0.240069298036 0.065158293585 2.438368721454 1 2
0.842089942232 -0.596779140754 1.33434689738 0.240069298036 0.065158293585 2.438368721454 1 2
0.842089942232 -0.596779140754 1.33434689738 0.240069298036 0.065158293585 2.438368721454 1 2
0.842089942232 -0.596779140754 1.33434689738 0.240069298036 0.065158293585 2.438368721454 1 2
0.842089942232 -0.596779140754 1.33434689738 0.240069298036 0.065158293585 2.438368721454 1 2