4.15578329891 -0.634912336143 1.29646818097 0.240069298036 0.065158293585 2.438368721454 1 2
0.642089942232 -0.696779140754 1.33434689738 0.240069298036 0.065158293585 2.438368721454 1 2
0.642089942232 -0.696779140754 1.33434689738 0.240069298036 0.065158293585 2.438368721454 1 2
0.642089942232 -0.696779140754 1.33434689738 0.240069298036 0.065158293585 2.438368721454 1 2
0.642089942232 -0.696779140754 1.33434689738 0.240069298036 0.065158293585 2.438368721454 1 2
0.642089942232 -0.696779140754 1.33434689738 0.240069298036 0.065158293585 2.438368721454 1 2
0.642089942232 -0.696779140754 1.33434689738 0.240069298036 0.065158293585 2.438368721454 1 2
0.642089942232 -0.696779140754 1.33434689738 0.240069298036 0.065158293585 2.438368721454 1 2
0.642089942232 -0.696779140754 1.33434689738 0.240069298036 0.065158293585 2.438368721454 1 2
0.642089942232 -0.696779140754 1.33434689738 0.240069298036 0.065158293585 2.438368721454 1 2
0.642089942232 -0.696779140754 1.33434689738 0.240069298036 0.065158293585 2.438368721454 1 2
0.642089942232 -0.696779140754 1.33434689738 0.240069298036 0.065158293585 2.438368721454 1 2
0.642089942232 -0.696779140754 1.33434689738 0.240069298036 0.065158293585 2.438368721454 1 2
0.642089942232 -0.696779140754 1.33434689738 0.240069298036 0.065158293585 2.438368721454 1 2
0.642089942232 -0.696779140754 1.33434689738 0.240069298036 0.065158293585 2.438368721454 1 2
0.642089942232 -0.696779140754 1.33434689738 0.240069298036 0.065158293585 2.438368721454 1 2
0.642089942232 -0.696779140754 1.33434689738 0.240069298036 0.065158293585 2.438368721454 1 2
0.642089942232 -0.696779140754 1.33434689738 0.240069298036 0.065158293585 2.438368721454 1 2
0.642089942232 -0.696779140754 1.33434689738 0.240069298036 0.065158293585 2.438368721454 1 2
0.642089942232 -0.696779140754 1.33434689738 0.240069298036 0.065158293585 2.438368721454 1 2
0.642089942232 -0.696779140754 1.33434689738 0.240069298036 0.065158293585 2.438368721454 1 2
0.642089942232 -0.696779140754 1.33434689738 0.240069298036 0.065158293585 2.438368721454 1 2
0.642089942232 -0.696779140754 1.33434689738 0.240069298036 0.065158293585 2.438368721454 1 2
0.642089942232 -0.696779140754 1.33434689738 0.240069298036 0.065158293585 2.438368721454 1 2
0.642089942232 -0.696779140754 1.33434689738 0.240069298036 0.065158293585 2.438368721454 1 2
0.642089942232 -0.696779140754 1.33434689738 0.240069298036 0.065158293585 2.438368721454 1 2
0.642089942232 -0.696779140754 1.33434689738 0.240069298036 0.065158293585 2.438368721454 1 2
0.642089942232 -0.696779140754 1.33434689738 0.240069298036 0.065158293585 2.438368721454 1 2
0.642089942232 -0.696779140754 1.33434689738 0.240069298036 0.065158293585 2.438368721454 1 2
0.642089942232 -0.696779140754 1.33434689738 0.240069298036 0.065158293585 2.438368721454 1 2
