0.742089942232 -0.896779140754 1.23434689738 0.240069298036 0.065158293585 2.438368721454 1 2
0.792089942232 -0.806779140754 1.17434689738 0.240069298036 0.065158293585 2.438368721454 1 2
0.642089942232 -0.726779140754 1.19434689738 0.240069298036 0.065158293585 2.438368721454 1 2
0.702089942232 -0.836779140754 1.33434689738 0.240069298036 0.065158293585 2.438368721454 1 2
0.602089942232 -0.866779140754 1.20434689738 0.240069298036 0.065158293585 2.438368721454 1 2
0.742089942232 -0.896779140754 1.23434689738 0.240069298036 0.065158293585 2.438368721454 1 2
0.792089942232 -0.806779140754 1.17434689738 0.240069298036 0.065158293585 2.438368721454 1 2
0.642089942232 -0.726779140754 1.19434689738 0.240069298036 0.065158293585 2.438368721454 1 2
0.702089942232 -0.836779140754 1.33434689738 0.240069298036 0.065158293585 2.438368721454 1 2
0.602089942232 -0.866779140754 1.20434689738 0.240069298036 0.065158293585 2.438368721454 1 2
0.742089942232 -0.896779140754 1.23434689738 0.240069298036 0.065158293585 2.438368721454 1 2
0.792089942232 -0.806779140754 1.17434689738 0.240069298036 0.065158293585 2.438368721454 1 2
0.642089942232 -0.726779140754 1.19434689738 0.240069298036 0.065158293585 2.438368721454 1 2
0.702089942232 -0.836779140754 1.33434689738 0.240069298036 0.065158293585 2.438368721454 1 2
0.602089942232 -0.866779140754 1.20434689738 0.240069298036 0.065158293585 2.438368721454 1 2
0.742089942232 -0.896779140754 1.23434689738 0.240069298036 0.065158293585 2.438368721454 1 2
0.792089942232 -0.806779140754 1.17434689738 0.240069298036 0.065158293585 2.438368721454 1 2
0.642089942232 -0.726779140754 1.19434689738 0.240069298036 0.065158293585 2.438368721454 1 2
0.702089942232 -0.836779140754 1.33434689738 0.240069298036 0.065158293585 2.438368721454 1 2
0.602089942232 -0.866779140754 1.20434689738 0.240069298036 0.065158293585 2.438368721454 1 2
0.742089942232 -0.896779140754 1.23434689738 0.240069298036 0.065158293585 2.438368721454 1 2
0.792089942232 -0.806779140754 1.17434689738 0.240069298036 0.065158293585 2.438368721454 1 2
0.642089942232 -0.726779140754 1.19434689738 0.240069298036 0.065158293585 2.438368721454 1 2
0.702089942232 -0.836779140754 1.33434689738 0.240069298036 0.065158293585 2.438368721454 1 2
0.602089942232 -0.866779140754 1.20434689738 0.240069298036 0.065158293585 2.438368721454 1 2
0.742089942232 -0.896779140754 1.23434689738 0.240069298036 0.065158293585 2.438368721454 1 2
0.792089942232 -0.806779140754 1.17434689738 0.240069298036 0.065158293585 2.438368721454 1 2
0.642089942232 -0.726779140754 1.19434689738 0.240069298036 0.065158293585 2.438368721454 1 2
0.702089942232 -0.836779140754 1.33434689738 0.240069298036 0.065158293585 2.438368721454 1 2
0.602089942232 -0.866779140754 1.20434689738 0.240069298036 0.065158293585 2.438368721454 1 2
0.642089942232 -0.696779140754 1.33434689738 0.240069298036 0.065158293585 2.438368721454 1 2
0.642089942232 -0.696779140754 1.33434689738 0.240069298036 0.065158293585 2.438368721454 1 2
0.642089942232 -0.696779140754 1.33434689738 0.240069298036 0.065158293585 2.438368721454 1 2
0.642089942232 -0.696779140754 1.33434689738 0.240069298036 0.065158293585 2.438368721454 1 2
0.642089942232 -0.696779140754 1.33434689738 0.240069298036 0.065158293585 2.438368721454 1 2
0.642089942232 -0.696779140754 1.33434689738 0.240069298036 0.065158293585 2.438368721454 1 2
0.642089942232 -0.696779140754 1.33434689738 0.240069298036 0.065158293585 2.438368721454 1 2
0.642089942232 -0.696779140754 1.33434689738 0.240069298036 0.065158293585 2.438368721454 1 2
0.642089942232 -0.696779140754 1.33434689738 0.240069298036 0.065158293585 2.438368721454 1 2
0.642089942232 -0.696779140754 1.33434689738 0.240069298036 0.065158293585 2.438368721454 1 2
0.642089942232 -0.696779140754 1.33434689738 0.240069298036 0.065158293585 2.438368721454 1 2
0.642089942232 -0.696779140754 1.33434689738 0.240069298036 0.065158293585 2.438368721454 1 2
0.642089942232 -0.696779140754 1.33434689738 0.240069298036 0.065158293585 2.438368721454 1 2
0.642089942232 -0.696779140754 1.33434689738 0.240069298036 0.065158293585 2.438368721454 1 2
0.642089942232 -0.696779140754 1.33434689738 0.240069298036 0.065158293585 2.438368721454 1 2
0.642089942232 -0.696779140754 1.33434689738 0.240069298036 0.065158293585 2.438368721454 1 2
0.642089942232 -0.696779140754 1.33434689738 0.240069298036 0.065158293585 2.438368721454 1 2
0.642089942232 -0.696779140754 1.33434689738 0.240069298036 0.065158293585 2.438368721454 1 2
0.642089942232 -0.696779140754 1.33434689738 0.240069298036 0.065158293585 2.438368721454 1 2
0.642089942232 -0.696779140754 1.33434689738 0.240069298036 0.065158293585 2.438368721454 1 2
0.642089942232 -0.696779140754 1.33434689738 0.240069298036 0.065158293585 2.438368721454 1 2
0.642089942232 -0.696779140754 1.33434689738 0.240069298036 0.065158293585 2.438368721454 1 2
0.642089942232 -0.696779140754 1.33434689738 0.240069298036 0.065158293585 2.438368721454 1 2
0.642089942232 -0.696779140754 1.33434689738 0.240069298036 0.065158293585 2.438368721454 1 2
0.642089942232 -0.696779140754 1.33434689738 0.240069298036 0.065158293585 2.438368721454 1 2
0.642089942232 -0.696779140754 1.33434689738 0.240069298036 0.065158293585 2.438368721454 1 2
0.642089942232 -0.696779140754 1.33434689738 0.240069298036 0.065158293585 2.438368721454 1 2
0.642089942232 -0.696779140754 1.33434689738 0.240069298036 0.065158293585 2.438368721454 1 2
0.642089942232 -0.696779140754 1.33434689738 0.240069298036 0.065158293585 2.438368721454 1 2
0.642089942232 -0.696779140754 1.33434689738 0.240069298036 0.065158293585 2.438368721454 1 2
0.642089942232 -0.696779140754 1.33434689738 0.240069298036 0.065158293585 2.438368721454 1 2
0.642089942232 -0.696779140754 1.33434689738 0.240069298036 0.065158293585 2.438368721454 1 2
0.642089942232 -0.696779140754 1.33434689738 0.240069298036 0.065158293585 2.438368721454 1 2
0.642089942232 -0.696779140754 1.33434689738 0.240069298036 0.065158293585 2.438368721454 1 2
0.642089942232 -0.696779140754 1.33434689738 0.240069298036 0.065158293585 2.438368721454 1 2
0.642089942232 -0.696779140754 1.33434689738 0.240069298036 0.065158293585 2.438368721454 1 2
0.642089942232 -0.696779140754 1.33434689738 0.240069298036 0.065158293585 2.438368721454 1 2
0.642089942232 -0.696779140754 1.33434689738 0.240069298036 0.065158293585 2.438368721454 1 2
0.642089942232 -0.696779140754 1.33434689738 0.240069298036 0.065158293585 2.438368721454 1 2
0.642089942232 -0.696779140754 1.33434689738 0.240069298036 0.065158293585 2.438368721454 1 2
0.642089942232 -0.696779140754 1.33434689738 0.240069298036 0.065158293585 2.438368721454 1 2
0.642089942232 -0.696779140754 1.33434689738 0.240069298036 0.065158293585 2.438368721454 1 2
0.642089942232 -0.696779140754 1.33434689738 0.240069298036 0.065158293585 2.438368721454 1 2
0.642089942232 -0.696779140754 1.33434689738 0.240069298036 0.065158293585 2.438368721454 1 2
0.642089942232 -0.696779140754 1.33434689738 0.240069298036 0.065158293585 2.438368721454 1 2
0.642089942232 -0.696779140754 1.33434689738 0.240069298036 0.065158293585 2.438368721454 1 2
0.642089942232 -0.696779140754 1.33434689738 0.240069298036 0.065158293585 2.438368721454 1 2
0.642089942232 -0.696779140754 1.33434689738 0.240069298036 0.065158293585 2.438368721454 1 2
0.642089942232 -0.696779140754 1.33434689738 0.240069298036 0.065158293585 2.438368721454 1 2
0.642089942232 -0.696779140754 1.33434689738 0.240069298036 0.065158293585 2.438368721454 1 2
0.642089942232 -0.696779140754 1.33434689738 0.240069298036 0.065158293585 2.438368721454 1 2
0.642089942232 -0.696779140754 1.33434689738 0.240069298036 0.065158293585 2.438368721454 1 2
0.642089942232 -0.696779140754 1.33434689738 0.240069298036 0.065158293585 2.438368721454 1 2
0.642089942232 -0.696779140754 1.33434689738 0.240069298036 0.065158293585 2.438368721454 1 2
0.642089942232 -0.696779140754 1.33434689738 0.240069298036 0.065158293585 2.438368721454 1 2
0.642089942232 -0.696779140754 1.33434689738 0.240069298036 0.065158293585 2.438368721454 1 2
0.642089942232 -0.696779140754 1.33434689738 0.240069298036 0.065158293585 2.438368721454 1 2
0.642089942232 -0.696779140754 1.33434689738 0.240069298036 0.065158293585 2.438368721454 1 2
0.642089942232 -0.696779140754 1.33434689738 0.240069298036 0.065158293585 2.438368721454 1 2
0.642089942232 -0.696779140754 1.33434689738 0.240069298036 0.065158293585 2.438368721454 1 2
0.642089942232 -0.696779140754 1.33434689738 0.240069298036 0.065158293585 2.438368721454 1 2
0.642089942232 -0.696779140754 1.33434689738 0.240069298036 0.065158293585 2.438368721454 1 2
0.642089942232 -0.696779140754 1.33434689738 0.240069298036 0.065158293585 2.438368721454 1 2
0.642089942232 -0.696779140754 1.33434689738 0.240069298036 0.065158293585 2.438368721454 1 2
0.642089942232 -0.696779140754 1.33434689738 0.240069298036 0.065158293585 2.438368721454 1 2
0.642089942232 -0.696779140754 1.33434689738 0.240069298036 0.065158293585 2.438368721454 1 2
0.642089942232 -0.696779140754 1.33434689738 0.240069298036 0.065158293585 2.438368721454 1 2
0.642089942232 -0.696779140754 1.33434689738 0.240069298036 0.065158293585 2.438368721454 1 2
0.642089942232 -0.696779140754 1.33434689738 0.240069298036 0.065158293585 2.438368721454 1 2
0.642089942232 -0.696779140754 1.33434689738 0.240069298036 0.065158293585 2.438368721454 1 2
0.642089942232 -0.696779140754 1.33434689738 0.240069298036 0.065158293585 2.438368721454 1 2
0.642089942232 -0.696779140754 1.33434689738 0.240069298036 0.065158293585 2.438368721454 1 2
0.642089942232 -0.696779140754 1.33434689738 0.240069298036 0.065158293585 2.438368721454 1 2
0.642089942232 -0.696779140754 1.33434689738 0.240069298036 0.065158293585 2.438368721454 1 2
0.642089942232 -0.696779140754 1.33434689738 0.240069298036 0.065158293585 2.438368721454 1 2
0.642089942232 -0.696779140754 1.33434689738 0.240069298036 0.065158293585 2.438368721454 1 2
0.642089942232 -0.696779140754 1.33434689738 0.240069298036 0.065158293585 2.438368721454 1 2
0.642089942232 -0.696779140754 1.33434689738 0.240069298036 0.065158293585 2.438368721454 1 2
0.642089942232 -0.696779140754 1.33434689738 0.240069298036 0.065158293585 2.438368721454 1 2
0.642089942232 -0.696779140754 1.33434689738 0.240069298036 0.065158293585 2.438368721454 1 2
0.642089942232 -0.696779140754 1.33434689738 0.240069298036 0.065158293585 2.438368721454 1 2
0.642089942232 -0.696779140754 1.33434689738 0.240069298036 0.065158293585 2.438368721454 1 2
0.642089942232 -0.696779140754 1.33434689738 0.240069298036 0.065158293585 2.438368721454 1 2
0.642089942232 -0.696779140754 1.33434689738 0.240069298036 0.065158293585 2.438368721454 1 2
0.642089942232 -0.696779140754 1.33434689738 0.240069298036 0.065158293585 2.438368721454 1 2
0.642089942232 -0.696779140754 1.33434689738 0.240069298036 0.065158293585 2.438368721454 1 2
0.642089942232 -0.696779140754 1.33434689738 0.240069298036 0.065158293585 2.438368721454 1 2
0.642089942232 -0.696779140754 1.33434689738 0.240069298036 0.065158293585 2.438368721454 1 2
0.642089942232 -0.696779140754 1.33434689738 0.240069298036 0.065158293585 2.438368721454 1 2
0.642089942232 -0.696779140754 1.33434689738 0.240069298036 0.065158293585 2.438368721454 1 2
0.642089942232 -0.696779140754 1.33434689738 0.240069298036 0.065158293585 2.438368721454 1 2
0.642089942232 -0.696779140754 1.33434689738 0.240069298036 0.065158293585 2.438368721454 1 2
0.642089942232 -0.696779140754 1.33434689738 0.240069298036 0.065158293585 2.438368721454 1 2
0.642089942232 -0.696779140754 1.33434689738 0.240069298036 0.065158293585 2.438368721454 1 2
0.642089942232 -0.696779140754 1.33434689738 0.240069298036 0.065158293585 2.438368721454 1 2
0.642089942232 -0.696779140754 1.33434689738 0.240069298036 0.065158293585 2.438368721454 1 2
0.642089942232 -0.696779140754 1.33434689738 0.240069298036 0.065158293585 2.438368721454 1 2
0.642089942232 -0.696779140754 1.33434689738 0.240069298036 0.065158293585 2.438368721454 1 2
0.642089942232 -0.696779140754 1.33434689738 0.240069298036 0.065158293585 2.438368721454 1 2
0.642089942232 -0.696779140754 1.33434689738 0.240069298036 0.065158293585 2.438368721454 1 2
0.642089942232 -0.696779140754 1.33434689738 0.240069298036 0.065158293585 2.438368721454 1 2
0.642089942232 -0.696779140754 1.33434689738 0.240069298036 0.065158293585 2.438368721454 1 2
0.642089942232 -0.696779140754 1.33434689738 0.240069298036 0.065158293585 2.438368721454 1 2
0.642089942232 -0.696779140754 1.33434689738 0.240069298036 0.065158293585 2.438368721454 1 2
0.642089942232 -0.696779140754 1.33434689738 0.240069298036 0.065158293585 2.438368721454 1 2
0.642089942232 -0.696779140754 1.33434689738 0.240069298036 0.065158293585 2.438368721454 1 2
0.642089942232 -0.696779140754 1.33434689738 0.240069298036 0.065158293585 2.438368721454 1 2
0.642089942232 -0.696779140754 1.33434689738 0.240069298036 0.065158293585 2.438368721454 1 2
0.642089942232 -0.696779140754 1.33434689738 0.240069298036 0.065158293585 2.438368721454 1 2
0.642089942232 -0.696779140754 1.33434689738 0.240069298036 0.065158293585 2.438368721454 1 2
0.642089942232 -0.696779140754 1.33434689738 0.240069298036 0.065158293585 2.438368721454 1 2
0.642089942232 -0.696779140754 1.33434689738 0.240069298036 0.065158293585 2.438368721454 1 2
0.642089942232 -0.696779140754 1.33434689738 0.240069298036 0.065158293585 2.438368721454 1 2
0.642089942232 -0.696779140754 1.33434689738 0.240069298036 0.065158293585 2.438368721454 1 2
0.642089942232 -0.696779140754 1.33434689738 0.240069298036 0.065158293585 2.438368721454 1 2
0.642089942232 -0.696779140754 1.33434689738 0.240069298036 0.065158293585 2.438368721454 1 2
0.642089942232 -0.696779140754 1.33434689738 0.240069298036 0.065158293585 2.438368721454 1 2
0.642089942232 -0.696779140754 1.33434689738 0.240069298036 0.065158293585 2.438368721454 1 2
0.642089942232 -0.696779140754 1.33434689738 0.240069298036 0.065158293585 2.438368721454 1 2
0.642089942232 -0.696779140754 1.33434689738 0.240069298036 0.065158293585 2.438368721454 1 2
0.842089942232 -0.596779140754 1.33434689738 0.240069298036 0.065158293585 2.438368721454 1 2
0.842089942232 -0.596779140754 1.33434689738 0.240069298036 0.065158293585 2.438368721454 1 2
0.842089942232 -0.596779140754 1.33434689738 0.240069298036 0.065158293585 2.438368721454 1 2
0.842089942232 -0.596779140754 1.33434689738 0.240069298036 0.065158293585 2.438368721454 1 2
0.842089942232 -0.596779140754 1.33434689738 0.240069298036 0.065158293585 2.438368721454 1 2
0.842089942232 -0.596779140754 1.33434689738 0.240069298036 0.065158293585 2.438368721454 1 2
0.842089942232 -0.596779140754 1.33434689738 0.240069298036 0.065158293585 2.438368721454 1 2
0.842089942232 -0.596779140754 1.33434689738 0.240069298036 0.065158293585 2.438368721454 1 2
0.842089942232 -0.596779140754 1.33434689738 0.240069298036 0.065158293585 2.438368721454 1 2
0.842089942232 -0.596779140754 1.33434689738 0.240069298036 0.065158293585 2.438368721454 1 2
0.842089942232 -0.596779140754 1.33434689738 0.240069298036 0.065158293585 2.438368721454 1 2
0.842089942232 -0.596779140754 1.33434689738 0.240069298036 0.065158293585 2.438368721454 1 2
0.842089942232 -0.596779140754 1.33434689738 0.240069298036 0.065158293585 2.438368721454 1 2
0.842089942232 -0.596779140754 1.33434689738 0.240069298036 0.065158293585 2.438368721454 1 2
0.842089942232 -0.596779140754 1.33434689738 0.240069298036 0.065158293585 2.438368721454 1 2
0.842089942232 -0.596779140754 1.33434689738 0.240069298036 0.065158293585 2.438368721454 1 2
0.842089942232 -0.596779140754 1.33434689738 0.240069298036 0.065158293585 2.438368721454 1 2
0.842089942232 -0.596779140754 1.33434689738 0.240069298036 0.065158293585 2.438368721454 1 2
0.842089942232 -0.596779140754 1.33434689738 0.240069298036 0.065158293585 2.438368721454 1 2
0.842089942232 -0.596779140754 1.33434689738 0.240069298036 0.065158293585 2.438368721454 1 2
0.842089942232 -0.596779140754 1.33434689738 0.240069298036 0.065158293585 2.438368721454 1 2
0.842089942232 -0.596779140754 1.33434689738 0.240069298036 0.065158293585 2.438368721454 1 2
0.842089942232 -0.596779140754 1.33434689738 0.240069298036 0.065158293585 2.438368721454 1 2
0.842089942232 -0.596779140754 1.33434689738 0.240069298036 0.065158293585 2.438368721454 1 2
0.842089942232 -0.596779140754 1.33434689738 0.240069298036 0.065158293585 2.438368721454 1 2
0.842089942232 -0.596779140754 1.33434689738 0.240069298036 0.065158293585 2.438368721454 1 2
0.842089942232 -0.596779140754 1.33434689738 0.240069298036 0.065158293585 2.438368721454 1 2
0.842089942232 -0.596779140754 1.33434689738 0.240069298036 0.065158293585 2.438368721454 1 2
0.842089942232 -0.596779140754 1.33434689738 0.240069298036 0.065158293585 2.438368721454 1 2
0.842089942232 -0.596779140754 1.33434689738 0.240069298036 0.065158293585 2.438368721454 1 2
0.842089942232 -0.596779140754 1.33434689738 0.240069298036 0.065158293585 2.438368721454 1 2
0.842089942232 -0.596779140754 1.33434689738 0.240069298036 0.065158293585 2.438368721454 1 2
0.842089942232 -0.596779140754 1.33434689738 0.240069298036 0.065158293585 2.438368721454 1 2
0.842089942232 -0.596779140754 1.33434689738 0.240069298036 0.065158293585 2.438368721454 1 2
0.842089942232 -0.596779140754 1.33434689738 0.240069298036 0.065158293585 2.438368721454 1 2
0.842089942232 -0.596779140754 1.33434689738 0.240069298036 0.065158293585 2.438368721454 1 2
0.842089942232 -0.596779140754 1.33434689738 0.240069298036 0.065158293585 2.438368721454 1 2
0.842089942232 -0.596779140754 1.33434689738 0.240069298036 0.065158293585 2.438368721454 1 2
0.842089942232 -0.596779140754 1.33434689738 0.240069298036 0.065158293585 2.438368721454 1 2
0.842089942232 -0.596779140754 1.33434689738 0.240069298036 0.065158293585 2.438368721454 1 2
0.842089942232 -0.596779140754 1.33434689738 0.240069298036 0.065158293585 2.438368721454 1 2
0.842089942232 -0.596779140754 1.33434689738 0.240069298036 0.065158293585 2.438368721454 1 2
0.842089942232 -0.596779140754 1.33434689738 0.240069298036 0.065158293585 2.438368721454 1 2
0.842089942232 -0.596779140754 1.33434689738 0.240069298036 0.065158293585 2.438368721454 1 2
0.842089942232 -0.596779140754 1.33434689738 0.240069298036 0.065158293585 2.438368721454 1 2
0.842089942232 -0.596779140754 1.33434689738 0.240069298036 0.065158293585 2.438368721454 1 2
0.842089942232 -0.596779140754 1.33434689738 0.240069298036 0.065158293585 2.438368721454 1 2
0.842089942232 -0.596779140754 1.33434689738 0.240069298036 0.065158293585 2.438368721454 1 2
0.842089942232 -0.596779140754 1.33434689738 0.240069298036 0.065158293585 2.438368721454 1 2
0.842089942232 -0.596779140754 1.33434689738 0.240069298036 0.065158293585 2.438368721454 1 2
0.842089942232 -0.596779140754 1.33434689738 0.240069298036 0.065158293585 2.438368721454 1 2
0.842089942232 -0.596779140754 1.33434689738 0.240069298036 0.065158293585 2.438368721454 1 2
0.842089942232 -0.596779140754 1.33434689738 0.240069298036 0.065158293585 2.438368721454 1 2
0.842089942232 -0.596779140754 1.33434689738 0.240069298036 0.065158293585 2.438368721454 1 2
0.842089942232 -0.596779140754 1.33434689738 0.240069298036 0.065158293585 2.438368721454 1 2
0.842089942232 -0.596779140754 1.33434689738 0.240069298036 0.065158293585 2.438368721454 1 2
0.842089942232 -0.596779140754 1.33434689738 0.240069298036 0.065158293585 2.438368721454 1 2
0.842089942232 -0.596779140754 1.33434689738 0.240069298036 0.065158293585 2.438368721454 1 2
0.842089942232 -0.596779140754 1.33434689738 0.240069298036 0.065158293585 2.438368721454 1 2
0.842089942232 -0.596779140754 1.33434689738 0.240069298036 0.065158293585 2.438368721454 1 2
0.842089942232 -0.596779140754 1.33434689738 0.240069298036 0.065158293585 2.438368721454 1 2
0.842089942232 -0.596779140754 1.33434689738 0.240069298036 0.065158293585 2.438368721454 1 2
0.842089942232 -0.596779140754 1.33434689738 0.240069298036 0.065158293585 2.438368721454 1 2
0.842089942232 -0.596779140754 1.33434689738 0.240069298036 0.065158293585 2.438368721454 1 2
0.842089942232 -0.596779140754 1.33434689738 0.240069298036 0.065158293585 2.438368721454 1 2
0.842089942232 -0.596779140754 1.33434689738 0.240069298036 0.065158293585 2.438368721454 1 2
0.842089942232 -0.596779140754 1.33434689738 0.240069298036 0.065158293585 2.438368721454 1 2
0.842089942232 -0.596779140754 1.33434689738 0.240069298036 0.065158293585 2.438368721454 1 2
0.842089942232 -0.596779140754 1.33434689738 0.240069298036 0.065158293585 2.438368721454 1 2
0.842089942232 -0.596779140754 1.33434689738 0.240069298036 0.065158293585 2.438368721454 1 2
0.842089942232 -0.596779140754 1.33434689738 0.240069298036 0.065158293585 2.438368721454 1 2
0.842089942232 -0.596779140754 1.33434689738 0.240069298036 0.065158293585 2.438368721454 1 2
0.842089942232 -0.596779140754 1.33434689738 0.240069298036 0.065158293585 2.438368721454 1 2
0.842089942232 -0.596779140754 1.33434689738 0.240069298036 0.065158293585 2.438368721454 1 2
0.842089942232 -0.596779140754 1.33434689738 0.240069298036 0.065158293585 2.438368721454 1 2
0.842089942232 -0.596779140754 1.33434689738 0.240069298036 0.065158293585 2.438368721454 1 2
0.842089942232 -0.596779140754 1.33434689738 0.240069298036 0.065158293585 2.438368721454 1 2
0.842089942232 -0.596779140754 1.33434689738 0.240069298036 0.065158293585 2.438368721454 1 2
0.842089942232 -0.596779140754 1.33434689738 0.240069298036 0.065158293585 2.438368721454 1 2
0.842089942232 -0.596779140754 1.33434689738 0.240069298036 0.065158293585 2.438368721454 1 2
0.842089942232 -0.596779140754 1.33434689738 0.240069298036 0.065158293585 2.438368721454 1 2
0.842089942232 -0.596779140754 1.33434689738 0.240069298036 0.065158293585 2.438368721454 1 2
0.842089942232 -0.596779140754 1.33434689738 0.240069298036 0.065158293585 2.438368721454 1 2
0.842089942232 -0.596779140754 1.33434689738 0.240069298036 0.065158293585 2.438368721454 1 2
0.842089942232 -0.596779140754 1.33434689738 0.240069298036 0.065158293585 2.438368721454 1 2
0.842089942232 -0.596779140754 1.33434689738 0.240069298036 0.065158293585 2.438368721454 1 2
0.842089942232 -0.596779140754 1.33434689738 0.240069298036 0.065158293585 2.438368721454 1 2
0.842089942232 -0.596779140754 1.33434689738 0.240069298036 0.065158293585 2.438368721454 1 2
0.842089942232 -0.596779140754 1.33434689738 0.240069298036 0.065158293585 2.438368721454 1 2
0.842089942232 -0.596779140754 1.33434689738 0.240069298036 0.065158293585 2.438368721454 1 2
0.842089942232 -0.596779140754 1.33434689738 0.240069298036 0.065158293585 2.438368721454 1 2
0.842089942232 -0.596779140754 1.33434689738 0.240069298036 0.065158293585 2.438368721454 1 2
0.842089942232 -0.596779140754 1.33434689738 0.240069298036 0.065158293585 2.438368721454 1 2
0.842089942232 -0.596779140754 1.33434689738 0.240069298036 0.065158293585 2.438368721454 1 2
0.842089942232 -0.596779140754 1.33434689738 0.240069298036 0.065158293585 2.438368721454 1 2
0.842089942232 -0.596779140754 1.33434689738 0.240069298036 0.065158293585 2.438368721454 1 2
0.842089942232 -0.596779140754 1.33434689738 0.240069298036 0.065158293585 2.438368721454 1 2
0.842089942232 -0.596779140754 1.33434689738 0.240069298036 0.065158293585 2.438368721454 1 2
0.842089942232 -0.596779140754 1.33434689738 0.240069298036 0.065158293585 2.438368721454 1 2
0.842089942232 -0.596779140754 1.33434689738 0.240069298036 0.065158293585 2.438368721454 1 2
0.842089942232 -0.596779140754 1.33434689738 0.240069298036 0.065158293585 2.438368721454 1 2
0.842089942232 -0.596779140754 1.33434689738 0.240069298036 0.065158293585 2.438368721454 1 2
0.842089942232 -0.596779140754 1.33434689738 0.240069298036 0.065158293585 2.438368721454 1 2
0.842089942232 -0.596779140754 1.33434689738 0.240069298036 0.065158293585 2.438368721454 1 2
0.842089942232 -0.596779140754 1.33434689738 0.240069298036 0.065158293585 2.438368721454 1 2
0.842089942232 -0.596779140754 1.33434689738 0.240069298036 0.065158293585 2.438368721454 1 2
0.842089942232 -0.596779140754 1.33434689738 0.240069298036 0.065158293585 2.438368721454 1 2
0.842089942232 -0.596779140754 1.33434689738 0.240069298036 0.065158293585 2.438368721454 1 2
0.842089942232 -0.596779140754 1.33434689738 0.240069298036 0.065158293585 2.438368721454 1 2
0.842089942232 -0.596779140754 1.33434689738 0.240069298036 0.065158293585 2.438368721454 1 2
0.842089942232 -0.596779140754 1.33434689738 0.240069298036 0.065158293585 2.438368721454 1 2
0.842089942232 -0.596779140754 1.33434689738 0.240069298036 0.065158293585 2.438368721454 1 2
0.842089942232 -0.596779140754 1.33434689738 0.240069298036 0.065158293585 2.438368721454 1 2
0.842089942232 -0.596779140754 1.33434689738 0.240069298036 0.065158293585 2.438368721454 1 2
0.842089942232 -0.596779140754 1.33434689738 0.240069298036 0.065158293585 2.438368721454 1 2
0.842089942232 -0.596779140754 1.33434689738 0.240069298036 0.065158293585 2.438368721454 1 2
0.842089942232 -0.596779140754 1.33434689738 0.240069298036 0.065158293585 2.438368721454 1 2
0.842089942232 -0.596779140754 1.33434689738 0.240069298036 0.065158293585 2.438368721454 1 2
0.842089942232 -0.596779140754 1.33434689738 0.240069298036 0.065158293585 2.438368721454 1 2
0.842089942232 -0.596779140754 1.33434689738 0.240069298036 0.065158293585 2.438368721454 1 2
0.842089942232 -0.596779140754 1.33434689738 0.240069298036 0.065158293585 2.438368721454 1 2
0.842089942232 -0.596779140754 1.33434689738 0.240069298036 0.065158293585 2.438368721454 1 2
0.842089942232 -0.596779140754 1.33434689738 0.240069298036 0.065158293585 2.438368721454 1 2
0.842089942232 -0.596779140754 1.33434689738 0.240069298036 0.065158293585 2.438368721454 1 2
0.842089942232 -0.596779140754 1.33434689738 0.240069298036 0.065158293585 2.438368721454 1 2
0.842089942232 -0.596779140754 1.33434689738 0.240069298036 0.065158293585 2.438368721454 1 2
0.842089942232 -0.596779140754 1.33434689738 0.240069298036 0.065158293585 2.438368721454 1 2
0.842089942232 -0.596779140754 1.33434689738 0.240069298036 0.065158293585 2.438368721454 1 2
0.842089942232 -0.596779140754 1.33434689738 0.240069298036 0.065158293585 2.438368721454 1 2
0.842089942232 -0.596779140754 1.33434689738 0.240069298036 0.065158293585 2.438368721454 1 2
0.842089942232 -0.596779140754 1.33434689738 0.240069298036 0.065158293585 2.438368721454 1 2
0.842089942232 -0.596779140754 1.33434689738 0.240069298036 0.065158293585 2.438368721454 1 2
0.842089942232 -0.596779140754 1.33434689738 0.240069298036 0.065158293585 2.438368721454 1 2
0.842089942232 -0.596779140754 1.33434689738 0.240069298036 0.065158293585 2.438368721454 1 2
0.842089942232 -0.596779140754 1.33434689738 0.240069298036 0.065158293585 2.438368721454 1 2
0.842089942232 -0.596779140754 1.33434689738 0.240069298036 0.065158293585 2.438368721454 1 2
0.842089942232 -0.596779140754 1.33434689738 0.240069298036 0.065158293585 2.438368721454 1 2
0.842089942232 -0.596779140754 1.33434689738 0.240069298036 0.065158293585 2.438368721454 1 2
0.842089942232 -0.596779140754 1.33434689738 0.240069298036 0.065158293585 2.438368721454 1 2
0.842089942232 -0.596779140754 1.33434689738 0.240069298036 0.065158293585 2.438368721454 1 2
0.842089942232 -0.596779140754 1.33434689738 0.240069298036 0.065158293585 2.438368721454 1 2
0.842089942232 -0.596779140754 1.33434689738 0.240069298036 0.065158293585 2.438368721454 1 2
0.842089942232 -0.596779140754 1.33434689738 0.240069298036 0.065158293585 2.438368721454 1 2
0.842089942232 -0.596779140754 1.33434689738 0.240069298036 0.065158293585 2.438368721454 1 2
0.842089942232 -0.596779140754 1.33434689738 0.240069298036 0.065158293585 2.438368721454 1 2
0.842089942232 -0.596779140754 1.33434689738 0.240069298036 0.065158293585 2.438368721454 1 2
0.842089942232 -0.596779140754 1.33434689738 0.240069298036 0.065158293585 2.438368721454 1 2
0.842089942232 -0.596779140754 1.33434689738 0.240069298036 0.065158293585 2.438368721454 1 2
0.842089942232 -0.596779140754 1.33434689738 0.240069298036 0.065158293585 2.438368721454 1 2
0.842089942232 -0.596779140754 1.33434689738 0.240069298036 0.065158293585 2.438368721454 1 2
0.842089942232 -0.596779140754 1.33434689738 0.240069298036 0.065158293585 2.438368721454 1 2
0.842089942232 -0.596779140754 1.33434689738 0.240069298036 0.065158293585 2.438368721454 1 2
0.842089942232 -0.596779140754 1.33434689738 0.240069298036 0.065158293585 2.438368721454 1 2
0.842089942232 -0.596779140754 1.33434689738 0.240069298036 0.065158293585 2.438368721454 1 2
0.842089942232 -0.596779140754 1.33434689738 0.240069298036 0.065158293585 2.438368721454 1 2
0.842089942232 -0.596779140754 1.33434689738 0.240069298036 0.065158293585 2.438368721454 1 2
0.842089942232 -0.596779140754 1.33434689738 0.240069298036 0.065158293585 2.438368721454 1 2
0.842089942232 -0.596779140754 1.33434689738 0.240069298036 0.065158293585 2.438368721454 1 2
0.842089942232 -0.596779140754 1.33434689738 0.240069298036 0.065158293585 2.438368721454 1 2
0.842089942232 -0.596779140754 1.33434689738 0.240069298036 0.065158293585 2.438368721454 1 2
0.842089942232 -0.596779140754 1.33434689738 0.240069298036 0.065158293585 2.438368721454 1 2
0.842089942232 -0.596779140754 1.33434689738 0.240069298036 0.065158293585 2.438368721454 1 2
0.842089942232 -0.596779140754 1.33434689738 0.240069298036 0.065158293585 2.438368721454 1 2
0.842089942232 -0.596779140754 1.33434689738 0.240069298036 0.065158293585 2.438368721454 1 2
0.842089942232 -0.596779140754 1.33434689738 0.240069298036 0.065158293585 2.438368721454 1 2
0.842089942232 -0.596779140754 1.33434689738 0.240069298036 0.065158293585 2.438368721454 1 2
0.842089942232 -0.596779140754 1.33434689738 0.240069298036 0.065158293585 2.438368721454 1 2
0.842089942232 -0.596779140754 1.33434689738 0.240069298036 0.065158293585 2.438368721454 1 2
0.842089942232 -0.596779140754 1.33434689738 0.240069298036 0.065158293585 2.438368721454 1 2
0.842089942232 -0.596779140754 1.33434689738 0.240069298036 0.065158293585 2.438368721454 1 2
0.842089942232 -0.596779140754 1.33434689738 0.240069298036 0.065158293585 2.438368721454 1 2
0.842089942232 -0.596779140754 1.33434689738 0.240069298036 0.065158293585 2.438368721454 1 2
0.842089942232 -0.596779140754 1.33434689738 0.240069298036 0.065158293585 2.438368721454 1 2
0.842089942232 -0.596779140754 1.33434689738 0.240069298036 0.065158293585 2.438368721454 1 2
0.842089942232 -0.596779140754 1.33434689738 0.240069298036 0.065158293585 2.438368721454 1 2
0.842089942232 -0.596779140754 1.33434689738 0.240069298036 0.065158293585 2.438368721454 1 2
0.842089942232 -0.596779140754 1.33434689738 0.240069298036 0.065158293585 2.438368721454 1 2
0.842089942232 -0.596779140754 1.33434689738 0.240069298036 0.065158293585 2.438368721454 1 2
0.842089942232 -0.596779140754 1.33434689738 0.240069298036 0.065158293585 2.438368721454 1 2
0.842089942232 -0.596779140754 1.33434689738 0.240069298036 0.065158293585 2.438368721454 1 2