1521005530 1 0.742089942232 -0.896779140754 1.23434689738
1521005530 1 2.51578329891  -0.734912336143 2.48646818097
1521005530 1 0.642089942232 -0.726779140754 1.19434689738
1521005530 1 0.702089942232 -0.836779140754 2.33434689738
1521005530 1 0.602089942232 -0.866779140754 1.20434689738
1521005530 1 0.742089942232 -0.896779140754 2.23434689738
1521005530 1 0.792089942232 -0.806779140754 1.17434689738
1521005530 1 0.642089942232 -0.726779140754 2.19434689738
1521005530 1 0.702089942232 -0.836779140754 2.33434689738
1521005530 1 0.602089942232 -0.866779140754 1.20434689738
1521005530 1 0.702089942232 -0.836779140754 2.33434689738
1521005530 1 0.602089942232 -0.866779140754 1.20434689738
1521005530 1 0.742089942232 -0.896779140754 2.23434689738
1521005530 1 0.792089942232 -0.806779140754 1.17434689738
1521005530 1 0.642089942232 -0.726779140754 2.19434689738
1521005530 1 0.702089942232 -0.836779140754 1.33434689738
1521005530 1 0.602089942232 -0.866779140754 3.20434689738
1521005530 1 0.742089942232 -0.896779140754 1.23434689738
1521005530 1 0.792089942232 -0.806779140754 2.17434689738
1521005531 1 0.642089942232 -0.726779140754 1.19434689738
1521005537 1 0.702089942232 -0.836779140754 4.33434689738
1521005531 1 0.602089942232 -0.866779140754 1.20434689738
1521005537 1 0.742089942232 -0.896779140754 3.23434689738
1521005533 1 0.792089942232 -0.806779140754 1.17434689738
1521005533 1 0.642089942232 -0.726779140754 2.19434689738
1521005532 1 0.742089942232 -0.896779140754 1.23434689738
1521005531 1 2.51578329891  -0.734912336143 2.48646818097
1521005537 1 0.642089942232 -0.726779140754 1.19434689738
1521005533 1 0.702089942232 -0.836779140754 2.33434689738
1521005533 1 0.602089942232 -0.866779140754 1.20434689738
1521005532 1 0.742089942232 -0.896779140754 2.23434689738
1521005530 1 0.792089942232 -0.806779140754 1.17434689738
1521005537 1 0.642089942232 -0.726779140754 2.19434689738
1521005533 1 0.702089942232 -0.836779140754 2.33434689738
1521005533 1 0.602089942232 -0.866779140754 1.20434689738
1521005532 1 0.702089942232 -0.836779140754 2.33434689738
1521005530 1 0.602089942232 -0.866779140754 1.20434689738
1521005530 1 0.742089942232 -0.896779140754 2.23434689738
1521005530 1 0.792089942232 -0.806779140754 1.17434689738
1521005530 1 0.642089942232 -0.726779140754 2.19434689738
1521005530 1 0.702089942232 -0.836779140754 1.33434689738
1521005530 1 0.602089942232 -0.866779140754 3.20434689738
1521005530 1 0.742089942232 -0.896779140754 1.23434689738
1521005530 1 0.792089942232 -0.806779140754 2.17434689738
1521005530 1 0.642089942232 -0.726779140754 1.19434689738
1521005530 1 0.702089942232 -0.836779140754 4.33434689738
1521005530 1 0.602089942232 -0.866779140754 1.20434689738
1521005530 1 0.742089942232 -0.896779140754 3.23434689738
1521005530 1 0.792089942232 -0.806779140754 1.17434689738
1521005530 1 0.642089942232 -0.726779140754 2.19434689738
1521005530 1 0.742089942232 -0.896779140754 1.23434689738
1521005530 1 2.51578329891  -0.734912336143 2.48646818097
1521005530 1 0.642089942232 -0.726779140754 1.19434689738
1521005530 1 0.702089942232 -0.836779140754 2.33434689738
1521005530 1 0.602089942232 -0.866779140754 1.20434689738
1521005531 1 0.742089942232 -0.896779140754 2.23434689738
1521005537 1 0.792089942232 -0.806779140754 1.17434689738
1521005531 1 0.642089942232 -0.726779140754 2.19434689738
1521005537 1 0.702089942232 -0.836779140754 2.33434689738
1521005533 1 0.602089942232 -0.866779140754 1.20434689738
1521005533 1 0.702089942232 -0.836779140754 2.33434689738
1521005532 1 0.602089942232 -0.866779140754 1.20434689738
1521005531 1 0.742089942232 -0.896779140754 2.23434689738
1521005537 1 0.792089942232 -0.806779140754 1.17434689738
1521005533 1 0.642089942232 -0.726779140754 2.19434689738
1521005533 1 0.702089942232 -0.836779140754 1.33434689738
1521005532 1 0.602089942232 -0.866779140754 3.20434689738
1521005530 1 0.742089942232 -0.896779140754 1.23434689738
1521005537 1 0.792089942232 -0.806779140754 2.17434689738
1521005533 1 0.642089942232 -0.726779140754 1.19434689738
1521005533 1 0.702089942232 -0.836779140754 4.33434689738
1521005532 1 0.602089942232 -0.866779140754 1.20434689738
1521005530 1 0.742089942232 -0.896779140754 3.23434689738
1521005530 1 0.792089942232 -0.806779140754 1.17434689738
1521005530 1 0.642089942232 -0.726779140754 2.19434689738
1521005530 1 0.742089942232 -0.896779140754 1.23434689738
1521005530 1 2.51578329891  -0.734912336143 2.48646818097
1521005530 1 0.642089942232 -0.726779140754 1.19434689738
1521005530 1 0.702089942232 -0.836779140754 2.33434689738
1521005530 1 0.602089942232 -0.866779140754 1.20434689738
1521005530 1 0.742089942232 -0.896779140754 2.23434689738
1521005530 1 0.792089942232 -0.806779140754 1.17434689738
1521005530 1 0.642089942232 -0.726779140754 2.19434689738
1521005530 1 0.702089942232 -0.836779140754 2.33434689738
1521005530 1 0.602089942232 -0.866779140754 1.20434689738
1521005530 1 0.702089942232 -0.836779140754 2.33434689738
1521005530 1 0.602089942232 -0.866779140754 1.20434689738
1521005530 1 0.742089942232 -0.896779140754 2.23434689738
1521005530 1 0.792089942232 -0.806779140754 1.17434689738
1521005530 1 0.642089942232 -0.726779140754 2.19434689738
1521005530 1 0.702089942232 -0.836779140754 1.33434689738
1521005531 1 0.602089942232 -0.866779140754 3.20434689738
1521005537 1 0.742089942232 -0.896779140754 1.23434689738
1521005531 1 0.792089942232 -0.806779140754 2.17434689738
1521005537 1 0.642089942232 -0.726779140754 1.19434689738
1521005533 1 0.702089942232 -0.836779140754 4.33434689738
1521005533 1 0.602089942232 -0.866779140754 1.20434689738
1521005532 1 0.742089942232 -0.896779140754 3.23434689738
1521005531 1 0.792089942232 -0.806779140754 1.17434689738
1521005537 1 0.642089942232 -0.726779140754 2.19434689738
1521005533 1 0.742089942232 -0.896779140754 1.23434689738
1521005533 1 2.51578329891  -0.734912336143 2.48646818097
1521005532 1 0.642089942232 -0.726779140754 1.19434689738
1521005530 1 0.702089942232 -0.836779140754 2.33434689738
1521005537 1 0.602089942232 -0.866779140754 1.20434689738
1521005533 1 0.742089942232 -0.896779140754 2.23434689738
1521005533 1 0.792089942232 -0.806779140754 1.17434689738
1521005532 1 0.642089942232 -0.726779140754 2.19434689738
1521005530 1 0.642089942232 -0.726779140754 2.19434689738
1521005530 1 0.702089942232 -0.836779140754 1.33434689738
1521005530 1 0.602089942232 -0.866779140754 3.20434689738
1521005530 1 0.742089942232 -0.896779140754 1.23434689738
1521005530 1 0.792089942232 -0.806779140754 2.17434689738
1521005530 1 0.642089942232 -0.726779140754 1.19434689738
1521005530 1 0.702089942232 -0.836779140754 4.33434689738
1521005530 1 0.602089942232 -0.866779140754 1.20434689738
1521005530 1 0.742089942232 -0.896779140754 3.23434689738
1521005530 1 0.792089942232 -0.806779140754 1.17434689738
1521005530 1 0.642089942232 -0.726779140754 2.19434689738
1521005530 1 0.742089942232 -0.896779140754 1.23434689738
1521005530 1 2.51578329891  -0.734912336143 2.48646818097
1521005530 1 0.642089942232 -0.726779140754 1.19434689738
1521005530 1 0.702089942232 -0.836779140754 2.33434689738
1521005530 1 0.602089942232 -0.866779140754 1.20434689738
1521005530 1 0.742089942232 -0.896779140754 2.23434689738
1521005530 1 0.792089942232 -0.806779140754 1.17434689738
1521005530 1 0.642089942232 -0.726779140754 2.19434689738
1521005531 1 0.702089942232 -0.836779140754 2.33434689738
1521005537 1 0.602089942232 -0.866779140754 1.20434689738
1521005531 1 0.702089942232 -0.836779140754 2.33434689738
1521005537 1 0.602089942232 -0.866779140754 1.20434689738
1521005533 1 0.742089942232 -0.896779140754 2.23434689738
1521005533 1 0.792089942232 -0.806779140754 1.17434689738
1521005532 1 0.642089942232 -0.726779140754 2.19434689738
1521005531 1 0.702089942232 -0.836779140754 1.33434689738
1521005537 1 0.602089942232 -0.866779140754 3.20434689738
1521005533 1 0.742089942232 -0.896779140754 1.23434689738
1521005533 1 0.792089942232 -0.806779140754 2.17434689738
1521005532 1 0.642089942232 -0.726779140754 1.19434689738
1521005530 1 0.702089942232 -0.836779140754 4.33434689738
1521005537 1 0.602089942232 -0.866779140754 1.20434689738
1521005533 1 0.742089942232 -0.896779140754 3.23434689738
1521005533 1 0.792089942232 -0.806779140754 1.17434689738
1521005532 1 0.642089942232 -0.726779140754 2.19434689738