3 9 0.742089942232 -0.896779140754 1.23434689738
3 8 2.51578329891  -0.734912336143 2.48646818097
2 7 0.642089942232 -0.726779140754 1.19434689738
1 6 0.702089942232 -0.836779140754 2.33434689738
7 5 0.602089942232 -0.866779140754 1.20434689738
3 9 0.742089942232 -0.896779140754 2.23434689738
3 8 0.792089942232 -0.806779140754 1.17434689738
2 7 0.642089942232 -0.726779140754 2.19434689738
1 6 0.702089942232 -0.836779140754 2.33434689738
7 5 0.602089942232 -0.866779140754 1.20434689738
1 6 0.702089942232 -0.836779140754 2.33434689738
7 5 0.602089942232 -0.866779140754 1.20434689738
3 9 0.742089942232 -0.896779140754 2.23434689738
3 8 0.792089942232 -0.806779140754 1.17434689738
2 7 0.642089942232 -0.726779140754 2.19434689738
1 6 0.702089942232 -0.836779140754 1.33434689738
7 5 0.602089942232 -0.866779140754 3.20434689738
3 9 0.742089942232 -0.896779140754 1.23434689738
3 8 0.792089942232 -0.806779140754 2.17434689738
2 7 0.642089942232 -0.726779140754 1.19434689738
1 6 0.702089942232 -0.836779140754 4.33434689738
7 5 0.602089942232 -0.866779140754 1.20434689738
3 9 0.742089942232 -0.896779140754 3.23434689738
3 8 0.792089942232 -0.806779140754 1.17434689738
2 7 0.642089942232 -0.726779140754 2.19434689738
3 9 0.742089942232 -0.896779140754 1.23434689738
3 8 2.51578329891  -0.734912336143 2.48646818097
2 7 0.642089942232 -0.726779140754 1.19434689738
1 6 0.702089942232 -0.836779140754 2.33434689738
7 5 0.602089942232 -0.866779140754 1.20434689738
3 9 0.742089942232 -0.896779140754 2.23434689738
3 8 0.792089942232 -0.806779140754 1.17434689738
2 7 0.642089942232 -0.726779140754 2.19434689738
1 6 0.702089942232 -0.836779140754 2.33434689738
7 5 0.602089942232 -0.866779140754 1.20434689738
1 6 0.702089942232 -0.836779140754 2.33434689738
7 5 0.602089942232 -0.866779140754 1.20434689738
3 9 0.742089942232 -0.896779140754 2.23434689738
3 8 0.792089942232 -0.806779140754 1.17434689738
2 7 0.642089942232 -0.726779140754 2.19434689738
1 6 0.702089942232 -0.836779140754 1.33434689738
7 5 0.602089942232 -0.866779140754 3.20434689738
3 9 0.742089942232 -0.896779140754 1.23434689738
3 8 0.792089942232 -0.806779140754 2.17434689738
2 7 0.642089942232 -0.726779140754 1.19434689738
1 6 0.702089942232 -0.836779140754 4.33434689738
7 5 0.602089942232 -0.866779140754 1.20434689738
3 9 0.742089942232 -0.896779140754 3.23434689738
3 8 0.792089942232 -0.806779140754 1.17434689738
2 7 0.642089942232 -0.726779140754 2.19434689738
3 9 0.742089942232 -0.896779140754 1.23434689738
3 8 2.51578329891  -0.734912336143 2.48646818097
2 7 0.642089942232 -0.726779140754 1.19434689738
1 6 0.702089942232 -0.836779140754 2.33434689738
7 5 0.602089942232 -0.866779140754 1.20434689738
3 9 0.742089942232 -0.896779140754 2.23434689738
3 8 0.792089942232 -0.806779140754 1.17434689738
2 7 0.642089942232 -0.726779140754 2.19434689738
1 6 0.702089942232 -0.836779140754 2.33434689738
7 5 0.602089942232 -0.866779140754 1.20434689738
1 6 0.702089942232 -0.836779140754 2.33434689738
7 5 0.602089942232 -0.866779140754 1.20434689738
3 9 0.742089942232 -0.896779140754 2.23434689738
3 8 0.792089942232 -0.806779140754 1.17434689738
2 7 0.642089942232 -0.726779140754 2.19434689738
1 6 0.702089942232 -0.836779140754 1.33434689738
7 5 0.602089942232 -0.866779140754 3.20434689738
3 9 0.742089942232 -0.896779140754 1.23434689738
3 8 0.792089942232 -0.806779140754 2.17434689738
2 7 0.642089942232 -0.726779140754 1.19434689738
1 6 0.702089942232 -0.836779140754 4.33434689738
7 5 0.602089942232 -0.866779140754 1.20434689738
3 9 0.742089942232 -0.896779140754 3.23434689738
3 8 0.792089942232 -0.806779140754 1.17434689738
2 7 0.642089942232 -0.726779140754 2.19434689738
3 9 0.742089942232 -0.896779140754 1.23434689738
3 8 2.51578329891  -0.734912336143 2.48646818097
2 7 0.642089942232 -0.726779140754 1.19434689738
1 6 0.702089942232 -0.836779140754 2.33434689738
7 5 0.602089942232 -0.866779140754 1.20434689738
3 9 0.742089942232 -0.896779140754 2.23434689738
3 8 0.792089942232 -0.806779140754 1.17434689738
2 7 0.642089942232 -0.726779140754 2.19434689738
1 6 0.702089942232 -0.836779140754 2.33434689738
7 5 0.602089942232 -0.866779140754 1.20434689738
1 6 0.702089942232 -0.836779140754 2.33434689738
7 5 0.602089942232 -0.866779140754 1.20434689738
3 9 0.742089942232 -0.896779140754 2.23434689738
3 8 0.792089942232 -0.806779140754 1.17434689738
2 7 0.642089942232 -0.726779140754 2.19434689738
1 6 0.702089942232 -0.836779140754 1.33434689738
7 5 0.602089942232 -0.866779140754 3.20434689738
3 9 0.742089942232 -0.896779140754 1.23434689738
3 8 0.792089942232 -0.806779140754 2.17434689738
2 7 0.642089942232 -0.726779140754 1.19434689738
1 6 0.702089942232 -0.836779140754 4.33434689738
7 5 0.602089942232 -0.866779140754 1.20434689738
3 9 0.742089942232 -0.896779140754 3.23434689738
3 8 0.792089942232 -0.806779140754 1.17434689738
2 7 0.642089942232 -0.726779140754 2.19434689738
3 9 0.742089942232 -0.896779140754 1.23434689738
3 8 2.51578329891  -0.734912336143 2.48646818097
2 7 0.642089942232 -0.726779140754 1.19434689738
1 6 0.702089942232 -0.836779140754 2.33434689738
7 5 0.602089942232 -0.866779140754 1.20434689738
3 9 0.742089942232 -0.896779140754 2.23434689738
3 8 0.792089942232 -0.806779140754 1.17434689738
2 7 0.642089942232 -0.726779140754 2.19434689738
1 6 0.702089942232 -0.836779140754 2.33434689738
7 5 0.602089942232 -0.866779140754 1.20434689738
1 6 0.702089942232 -0.836779140754 2.33434689738
7 5 0.602089942232 -0.866779140754 1.20434689738
3 9 0.742089942232 -0.896779140754 2.23434689738
3 8 0.792089942232 -0.806779140754 1.17434689738
2 7 0.642089942232 -0.726779140754 2.19434689738
1 6 0.702089942232 -0.836779140754 1.33434689738
7 5 0.602089942232 -0.866779140754 3.20434689738
3 9 0.742089942232 -0.896779140754 1.23434689738
3 8 0.792089942232 -0.806779140754 2.17434689738
2 7 0.642089942232 -0.726779140754 1.19434689738
1 6 0.702089942232 -0.836779140754 4.33434689738
7 5 0.602089942232 -0.866779140754 1.20434689738
3 9 0.742089942232 -0.896779140754 3.23434689738
3 8 0.792089942232 -0.806779140754 1.17434689738
2 7 0.642089942232 -0.726779140754 2.19434689738
3 9 0.742089942232 -0.896779140754 1.23434689738
3 8 2.51578329891  -0.734912336143 2.48646818097
2 7 0.642089942232 -0.726779140754 1.19434689738
1 6 0.702089942232 -0.836779140754 2.33434689738
7 5 0.602089942232 -0.866779140754 1.20434689738
3 9 0.742089942232 -0.896779140754 2.23434689738
3 8 0.792089942232 -0.806779140754 1.17434689738
2 7 0.642089942232 -0.726779140754 2.19434689738
1 6 0.702089942232 -0.836779140754 2.33434689738
7 5 0.602089942232 -0.866779140754 1.20434689738
1 6 0.702089942232 -0.836779140754 2.33434689738
7 5 0.602089942232 -0.866779140754 1.20434689738
3 9 0.742089942232 -0.896779140754 2.23434689738
3 8 0.792089942232 -0.806779140754 1.17434689738
2 7 0.642089942232 -0.726779140754 2.19434689738
1 6 0.702089942232 -0.836779140754 1.33434689738
7 5 0.602089942232 -0.866779140754 3.20434689738
3 9 0.742089942232 -0.896779140754 1.23434689738
3 8 0.792089942232 -0.806779140754 2.17434689738
2 7 0.642089942232 -0.726779140754 1.19434689738
1 6 0.702089942232 -0.836779140754 4.33434689738
7 5 0.602089942232 -0.866779140754 1.20434689738
3 9 0.742089942232 -0.896779140754 3.23434689738
3 8 0.792089942232 -0.806779140754 1.17434689738
2 7 0.642089942232 -0.726779140754 2.19434689738