-1.89558405942 -0.346679215597 -1.9694110778
1.68858934897 -1.11022302463e-016 2.17730773536
0.030180067943 0.118283213329 0.227292746555
0.991691118801 0.0150482170084 0.0589777155571 
0.967355500181 -0.223004607546 0.120386227858
0.226554524584 0.9738591582 -0.0164783052922
-0.113564479042 0.0432144273521 0.992590442057
-1.89558405942 -0.346679215597 -1.9694110778
1.68858934897 -1.11022302463e-016 2.17730773536
0.030180067943 0.118283213329 0.227292746555
0.991691118801 0.0150482170084 0.0589777155571 
0.967355500181 -0.223004607546 0.120386227858
0.226554524584 0.9738591582 -0.0164783052922
-0.113564479042 0.0432144273521 0.992590442057
-1.89558405942 -0.346679215597 -1.9694110778
1.68858934897 -1.11022302463e-016 2.17730773536
0.030180067943 0.118283213329 0.227292746555
0.991691118801 0.0150482170084 0.0589777155571 
0.967355500181 -0.223004607546 0.120386227858
0.226554524584 0.9738591582 -0.0164783052922
-0.113564479042 0.0432144273521 0.992590442057
-1.89558405942 -0.346679215597 -1.9694110778
1.68858934897 -1.11022302463e-016 2.17730773536
0.030180067943 0.118283213329 0.227292746555
0.991691118801 0.0150482170084 0.0589777155571 
0.967355500181 -0.223004607546 0.120386227858
0.226554524584 0.9738591582 -0.0164783052922
-0.113564479042 0.0432144273521 0.992590442057
0.967355500181 -0.223004607546 0.120386227858
0.226554524584 0.9738591582 -0.0164783052922
-0.113564479042 0.0432144273521 0.992590442057
-1.89558405942 -0.346679215597 -1.9694110778
1.68858934897 -1.11022302463e-016 2.17730773536
0.030180067943 0.118283213329 0.227292746555
0.991691118801 0.0150482170084 0.0589777155571 
0.967355500181 -0.223004607546 0.120386227858
0.226554524584 0.9738591582 -0.0164783052922
-0.113564479042 0.0432144273521 0.992590442057
-1.89558405942 -0.346679215597 -1.9694110778
1.68858934897 -1.11022302463e-016 2.17730773536
0.030180067943 0.118283213329 0.227292746555
0.991691118801 0.0150482170084 0.0589777155571 
0.967355500181 -0.223004607546 0.120386227858
0.226554524584 0.9738591582 -0.0164783052922
-0.113564479042 0.0432144273521 0.992590442057
0.967355500181 -0.223004607546 0.120386227858
0.226554524584 0.9738591582 -0.0164783052922
-0.113564479042 0.0432144273521 0.992590442057
-1.89558405942 -0.346679215597 -1.9694110778
1.68858934897 -1.11022302463e-016 2.17730773536
0.030180067943 0.118283213329 0.227292746555
0.991691118801 0.0150482170084 0.0589777155571 
0.967355500181 -0.223004607546 0.120386227858
0.226554524584 0.9738591582 -0.0164783052922
-0.113564479042 0.0432144273521 0.992590442057
-1.89558405942 -0.346679215597 -1.9694110778
1.68858934897 -1.11022302463e-016 2.17730773536
0.030180067943 0.118283213329 0.227292746555
0.991691118801 0.0150482170084 0.0589777155571 
0.967355500181 -0.223004607546 0.120386227858
0.226554524584 0.9738591582 -0.0164783052922
-0.113564479042 0.0432144273521 0.992590442057


