-34.811508 -117.870407 63.747543
-35.032043 -117.150902 64.284180
-34.425644 -117.567711 64.177994
-34.103275 -118.130844 63.940544
-34.569893 -116.868202 64.410629
-33.892570 -117.611038 63.931767
-34.138874 -117.102028 64.091667
-35.242809 -116.403915 64.593857
-33.457767 -117.836060 63.535133
-33.738941 -117.083946 63.670151
-34.250401 -116.530769 64.078735
-34.353771 -115.926193 63.989964
-33.277382 -117.201157 63.190285
-33.699234 -116.405479 63.452465
-33.913807 -115.653816 63.397316
-35.020931 -115.524185 64.340927
-32.983162 -117.885841 63.116322
-33.109211 -116.664825 62.788734
-33.437061 -116.003174 62.865578
-34.391506 -115.191795 63.751801
-34.867226 -114.703362 63.997280
-35.555359 -115.868034 64.701767
-33.065731 -118.634682 63.530678
-32.719913 -117.333931 62.690002
-32.518116 -116.777985 62.244164
-32.880157 -116.139351 62.338398
-33.630577 -115.383591 62.855114
-34.001770 -114.939568 63.116253
-34.420033 -114.446220 63.382893
-35.328793 -115.044075 64.542847
-35.634193 -115.136215 64.936523
-32.443321 -117.887062 62.697849
-32.122070 -117.402740 62.113987
-31.944128 -116.815979 61.644115
-32.352394 -116.183426 61.823544
-33.196190 -115.465019 62.392532
-33.602993 -114.844177 62.467678
-34.013500 -114.291824 62.687687
-34.429764 -113.763878 62.953308
-34.866112 -113.939903 63.641991
-35.295609 -114.144157 64.260208
-35.703613 -114.270157 64.839134
-35.665516 -115.543335 65.031967
-31.720367 -117.380646 61.663563
-31.884899 -116.156509 61.261589
-32.742882 -115.539795 61.860672
-33.144081 -114.888138 61.905785
-33.552296 -114.253464 62.035202
-33.986820 -113.677292 62.235954
-34.439381 -113.127617 62.495396
-36.152351 -114.308395 65.415367
-36.207367 -114.892342 65.556496
-31.458448 -116.655266 61.007236
-32.291828 -115.571007 61.325294
-32.676510 -114.940193 61.377460
-33.062012 -114.283142 61.461388
-33.489384 -113.662163 61.576847
-33.956711 -113.071404 61.779266
-36.385921 -115.188522 65.772118
-31.462734 -117.831551 61.582455
-31.472410 -116.066727 60.648876
-31.844641 -115.561371 60.770340
-32.175789 -114.920357 60.766350
-32.603214 -114.328461 60.908134
-36.858616 -114.836136 66.140701
-37.230537 -115.126801 66.434258
-32.263523 -114.374886 60.470520
-32.456478 -113.828827 60.279991
-31.898449 -114.432732 60.014759
-48.541679 -103.331612 80.156036
-48.258663 -104.190430 79.860931
-47.862827 -103.560959 80.204063
-48.140316 -102.883835 80.543358
-47.794037 -104.903793 79.604729
-47.546467 -104.185982 79.833099
-47.452812 -103.002953 80.496765
-47.703487 -102.411926 80.911896
-47.968300 -101.885963 81.212250
-47.924080 -101.335075 81.526199
-47.911842 -100.691628 81.852455
-47.890736 -100.058266 82.227768
-47.994278 -105.793953 79.411537
-47.333191 -105.445061 79.377792
-47.192253 -104.706619 79.435432
-47.195927 -103.556213 80.061661
-46.840199 -102.952995 80.265457
-47.052937 -102.451050 80.790222
-47.304508 -101.800385 81.252037
-47.309292 -101.127365 81.728668
-47.318153 -100.476425 82.131561
-47.291882 -99.826454 82.523659 
-47.262909 -99.229942 82.974113 
-47.794361 -117.014549 80.838577
-47.789539 -106.645248 79.149597
-47.406097 -106.134323 79.246078
-46.870350 -105.924927 79.048645
-46.785313 -105.194801 79.080246
-46.939278 -104.037567 79.598595
-46.637138 -103.399246 79.771713
-46.389851 -102.663727 79.874176
-46.600746 -102.395889 80.437988
-46.665424 -101.901917 80.887291
-46.741367 -101.372452 81.382370
-46.775043 -100.787727 81.890793
-46.778934 -100.182396 82.379578
-46.750183 -99.595245 82.886925 
-46.626957 -98.355247 83.728745 
-47.212620 -117.344383 81.034729
-47.749233 -116.288322 80.549454
-47.715759 -115.556763 80.337570
-47.697388 -114.835403 80.120186
-47.704391 -114.112556 79.914322
-47.742794 -113.410957 79.670914
-48.104183 -107.967827 78.968819
-47.580814 -107.398567 79.027321
-47.083290 -106.736519 78.952377
-46.557465 -106.291862 78.567505
-46.462444 -105.606972 78.592667
-46.651798 -104.506943 79.139854
-46.482555 -103.849434 79.238930
-46.331032 -103.200859 79.331993
-46.110149 -102.607895 79.325523
-46.299908 -101.981804 80.320061
-46.246315 -101.388161 80.836411
-46.299942 -100.938408 81.493271
-46.267124 -100.311272 82.031204
-46.271976 -99.865608 82.676544 
-46.688114 -98.973862 83.319534 
-46.113033 -98.677216 83.621941 
-46.051529 -98.029785 84.052361 
-45.466534 -97.772766 84.400330 
-44.844498 -96.726982 84.980476 
-47.153095 -118.011154 81.359085
-46.678070 -117.601234 81.068802
-47.133160 -116.671135 80.717476
-47.059895 -116.033913 80.384148
-47.020897 -115.363258 80.080391
-46.996983 -114.655983 79.826355
-47.021725 -113.937035 79.582138
-47.068687 -113.190109 79.429756
-47.790501 -112.707520 79.463379
-41.056744 -108.178101 69.185989
-47.932980 -108.699722 78.997208
-47.415024 -108.121490 78.936752
-46.956509 -107.525887 78.783508
-46.587238 -106.980652 78.478127
-46.135662 -105.933754 78.064041
-46.376225 -104.948647 78.641457
-46.233440 -104.314903 78.724251
-46.085861 -103.709160 78.856384
-46.002731 -103.120537 78.996246
-45.725338 -102.675209 78.883476
-46.084194 -102.084274 79.727699
-46.011349 -101.530334 80.161545
-45.857296 -100.896774 80.448540
-45.999905 -100.851578 81.081398
-45.982952 -100.463707 81.568214
-45.961899 -99.910454 82.373932 
-46.193169 -99.275215 83.160667 
-45.660328 -98.933182 83.343552 
-45.556545 -98.351768 83.910805 
-44.947994 -97.953445 84.146179 
-44.812634 -97.337227 84.532799 
-44.168495 -96.929977 84.726929 
-44.059505 -95.713600 85.609581 
-46.181046 -118.028534 81.325638
-46.587231 -117.144760 80.691437
-46.595932 -116.641365 80.203651
-46.581551 -116.045204 79.800430
-46.603260 -115.375404 79.450645
-46.593178 -114.651550 79.172318
-46.624332 -113.879044 78.889778
-46.657921 -113.003067 78.881989
-47.148460 -112.432129 79.258110
-47.858955 -111.977150 79.263962
-39.404282 -105.180809 66.251282
-40.573124 -106.762680 68.651459
-40.832005 -107.464745 68.900917
-41.356766 -107.511292 69.423172
-47.272640 -108.838852 78.927361
-46.757442 -108.243523 78.623764
-46.429253 -107.613197 78.350227
-46.195812 -106.549706 78.071320
-45.845100 -106.263824 77.512428
-46.065617 -105.326637 78.080009
-46.034290 -104.752129 78.231491
-45.846100 -104.155487 78.249611
-45.713970 -103.390633 78.632500
-45.911430 -102.089020 79.100128
-45.805828 -101.610886 79.526268
-45.777077 -101.163727 79.928581
-45.724792 -100.366470 81.158875
-45.656689 -99.883781 82.018051 
-45.783230 -99.506943 82.799850 
-45.271217 -99.164429 82.901955 
-45.152645 -98.568840 83.609314 
-44.586823 -98.146576 83.844398 
-44.251900 -97.510437 84.273682 
-43.534637 -96.957191 84.394196 
-44.114052 -96.438194 85.242836 
-43.543308 -96.122902 85.408653 
-46.129910 -118.274673 81.243019
-46.258446 -117.707176 80.589249
-46.260769 -117.288795 80.038094
-46.332504 -116.770096 79.516357
-46.374271 -116.134430 79.087051
-46.411121 -115.422630 78.734367
-46.407715 -114.706367 78.436836
-46.352013 -114.070152 78.093376
-46.479191 -113.461342 78.372749
-46.738117 -112.190689 78.672112
-47.223793 -111.657715 78.993217
-36.699879 -104.846069 61.605366
-37.153187 -104.799370 62.208290
-38.861473 -104.391571 64.583313
-39.229740 -104.218185 65.180656
-39.301796 -104.712212 65.697624
-39.662987 -104.485146 66.308975
-39.799770 -104.934242 66.860435
-39.859444 -105.485420 67.364639
-40.241417 -105.458458 68.000671
-40.919559 -106.097374 68.912369
-41.149975 -106.798576 69.125977
-41.645645 -106.868462 69.650681
-41.555996 -108.201897 69.748276
-47.148289 -109.626007 78.794998
-46.717964 -108.951851 78.633392
-46.181206 -108.075691 78.192734
-46.151314 -107.154968 77.953606
-45.906654 -106.787354 77.581657
-45.568310 -106.754433 77.083420
-45.755474 -105.688690 77.474724
-45.730118 -105.007301 77.610199
-44.869045 -98.708961 83.334160 
-43.521198 -96.524239 84.927994 
-42.904140 -96.074150 85.221901 
-43.298656 -95.633675 85.726746 
-42.998970 -95.044273 86.041809 
-45.977833 -118.327576 81.049339
-45.948303 -118.053230 80.504341
-45.998100 -117.766068 79.926285
-46.023659 -117.416344 79.346390
-46.101078 -116.831215 78.810677
-46.170898 -116.143997 78.376747
-46.206940 -115.413994 78.019836
-46.179680 -114.714409 77.697609
-46.259022 -113.439995 77.743263
-46.378941 -112.846962 78.229164
-46.387672 -112.068596 78.016884
-46.709484 -111.305779 78.429321
-47.235645 -110.997719 78.835823
-36.469910 -104.181381 61.240204
-36.966694 -104.151382 61.809139
-37.422615 -104.105354 62.400501
-37.845665 -104.039032 63.004948
-38.283184 -103.953255 63.586700
-38.707966 -103.839905 64.165543
-39.110115 -103.700729 64.750374
-39.452965 -103.536263 65.362251
-39.532574 -104.025261 65.815041
-39.858307 -103.809593 66.431091
-40.036472 -104.269691 66.923477
-40.254696 -104.783897 67.512711
-40.662384 -104.877960 68.206726
-41.019463 -104.903503 68.786346
-41.307400 -105.377335 69.230705
-41.465805 -106.145134 69.409615
-41.921314 -106.268074 69.953033
-41.834412 -107.557426 69.994507
-42.047634 -108.205505 70.339767